#
#
#  Percent Identity  Matrix - created by Clustal2.1 
#
#

     1: UNIPROT_SPIKE_SARS   100.00   77.78   31.40   32.27   32.47   25.74   24.22   31.14   32.47
     2: UNIPROT_SPIKE_SARS2   77.78  100.00   31.96   32.31   32.01   26.42   25.52   30.85   32.01
     3: UNIPROT_SPIKE_MERS1   31.40   31.96  100.00   34.21   33.60   26.07   24.67   33.81   33.52
     4: UNIPROT_SPIKE_CVHOC   32.27   32.31   34.21  100.00   66.89   28.21   28.15   65.93   66.67
     5: UNIPROT_SPIKE_CVHN5   32.47   32.01   33.60   66.89  100.00   28.16   26.87   85.17   99.33
     6: UNIPROT_SPIKE_CVH22   25.74   26.42   26.07   28.21   28.16  100.00   64.67   28.09   28.07
     7: UNIPROT_SPIKE_CVHNL   24.22   25.52   24.67   28.15   26.87   64.67  100.00   27.13   26.79
     8: UNIPROT_SPIKE_CVHN1   31.14   30.85   33.81   65.93   85.17   28.09   27.13  100.00   84.95
     9: UNIPROT_SPIKE_CVHN2   32.47   32.01   33.52   66.67   99.33   28.07   26.79   84.95  100.00
