#
#
#  Percent Identity  Matrix - created by Clustal2.1 
#
#

     1: UNIPROT_SPIKE_CVH22  100.00   64.07   27.67   28.70   28.50   28.50   27.05   26.74   26.77
     2: UNIPROT_SPIKE_CVHNL   64.07  100.00   28.27   27.52   27.34   27.25   25.17   24.13   24.84
     3: UNIPROT_SPIKE_CVHOC   27.67   28.27  100.00   65.13   65.96   65.66   33.52   31.08   30.85
     4: UNIPROT_SPIKE_CVHN1   28.70   27.52   65.13  100.00   84.96   84.74   32.98   30.64   30.14
     5: UNIPROT_SPIKE_CVHN5   28.50   27.34   65.96   84.96  100.00   99.33   33.23   31.42   30.53
     6: UNIPROT_SPIKE_CVHN2   28.50   27.25   65.66   84.74   99.33  100.00   33.14   31.26   30.36
     7: UNIPROT_SPIKE_MERS1   27.05   25.17   33.52   32.98   33.23   33.14  100.00   32.27   31.93
     8: UNIPROT_SPIKE_SARS    26.74   24.13   31.08   30.64   31.42   31.26   32.27  100.00   77.46
     9: UNIPROT_SPIKE_SARS2   26.77   24.84   30.85   30.14   30.53   30.36   31.93   77.46  100.00
