#
#
#  Percent Identity  Matrix - created by Clustal2.1 
#
#

     1: UNIPROT_SPIKE_CVH22  100.00   29.88   30.58   30.58   59.47   28.91   26.56   27.12   27.34
     2: UNIPROT_SPIKE_CVHN1   29.88  100.00   84.67   84.89   30.01   65.81   34.25   31.46   31.42
     3: UNIPROT_SPIKE_CVHN2   30.58   84.67  100.00   99.33   29.41   66.52   34.34   32.21   31.97
     4: UNIPROT_SPIKE_CVHN5   30.58   84.89   99.33  100.00   29.50   66.74   34.50   32.30   32.05
     5: UNIPROT_SPIKE_CVHNL   59.47   30.01   29.41   29.50  100.00   29.08   26.08   25.07   25.99
     6: UNIPROT_SPIKE_CVHOC   28.91   65.81   66.52   66.74   29.08  100.00   33.98   31.83   31.83
     7: UNIPROT_SPIKE_MERS1   26.56   34.25   34.34   34.50   26.08   33.98  100.00   31.93   30.87
     8: UNIPROT_SPIKE_SARS    27.12   31.46   32.21   32.30   25.07   31.83   31.93  100.00   77.36
     9: UNIPROT_SPIKE_SARS2   27.34   31.42   31.97   32.05   25.99   31.83   30.87   77.36  100.00
