#
#
#  Percent Identity  Matrix - created by Clustal2.1 
#
#

     1: UNIPROT_SPIKE_SARS   100.00   77.62   33.47   32.52   32.35   31.65   31.84   26.75   25.64
     2: UNIPROT_SPIKE_SARS2   77.62  100.00   33.45   32.44   32.27   31.72   31.97   27.53   26.71
     3: UNIPROT_SPIKE_CVHOC   33.47   33.45  100.00   66.84   66.62   65.89   34.67   27.67   28.04
     4: UNIPROT_SPIKE_CVHN5   32.52   32.44   66.84  100.00   99.33   85.17   33.95   27.56   27.59
     5: UNIPROT_SPIKE_CVHN2   32.35   32.27   66.62   99.33  100.00   84.95   33.71   27.56   27.50
     6: UNIPROT_SPIKE_CVHN1   31.65   31.72   65.89   85.17   84.95  100.00   33.87   27.75   27.50
     7: UNIPROT_SPIKE_MERS1   31.84   31.97   34.67   33.95   33.71   33.87  100.00   26.94   25.91
     8: UNIPROT_SPIKE_CVH22   26.75   27.53   27.67   27.56   27.56   27.75   26.94  100.00   64.89
     9: UNIPROT_SPIKE_CVHNL   25.64   26.71   28.04   27.59   27.50   27.50   25.91   64.89  100.00
