#
#
#  Percent Identity  Matrix - created by Clustal2.1 
#
#

     1: UNIPROT_SPIKE_SARS   100.00   77.62   32.94   32.57   32.40   31.70   33.71   28.89   26.27
     2: UNIPROT_SPIKE_SARS2   77.62  100.00   33.33   32.27   32.10   31.80   34.02   28.76   27.79
     3: UNIPROT_SPIKE_CVHOC   32.94   33.33  100.00   66.77   66.54   65.81   35.51   30.64   31.87
     4: UNIPROT_SPIKE_CVHN5   32.57   32.27   66.77  100.00   99.33   85.17   34.59   30.30   30.89
     5: UNIPROT_SPIKE_CVHN2   32.40   32.10   66.54   99.33  100.00   84.95   34.42   30.10   30.89
     6: UNIPROT_SPIKE_CVHN1   31.70   31.80   65.81   85.17   84.95  100.00   34.17   29.64   30.65
     7: UNIPROT_SPIKE_MERS1   33.71   34.02   35.51   34.59   34.42   34.17  100.00   32.49   30.21
     8: UNIPROT_SPIKE_CVH22   28.89   28.76   30.64   30.30   30.10   29.64   32.49  100.00   64.81
     9: UNIPROT_SPIKE_CVHNL   26.27   27.79   31.87   30.89   30.89   30.65   30.21   64.81  100.00
