#
#
#  Percent Identity  Matrix - created by Clustal2.1 
#
#

     1: UNIPROT_SPIKE_SARS   100.00   77.62   32.83   32.63   32.47   31.68   32.70   29.35   27.34
     2: UNIPROT_SPIKE_SARS2   77.62  100.00   33.31   32.11   31.94   31.56   32.74   29.63   28.27
     3: UNIPROT_SPIKE_CVHOC   32.83   33.31  100.00   66.84   66.62   65.89   35.13   30.51   30.93
     4: UNIPROT_SPIKE_CVHN5   32.63   32.11   66.84  100.00   99.33   85.17   34.28   29.82   29.93
     5: UNIPROT_SPIKE_CVHN2   32.47   31.94   66.62   99.33  100.00   84.95   34.11   29.62   29.83
     6: UNIPROT_SPIKE_CVHN1   31.68   31.56   65.89   85.17   84.95  100.00   34.11   29.26   30.06
     7: UNIPROT_SPIKE_MERS1   32.70   32.74   35.13   34.28   34.11   34.11  100.00   32.55   30.80
     8: UNIPROT_SPIKE_CVH22   29.35   29.63   30.51   29.82   29.62   29.26   32.55  100.00   64.81
     9: UNIPROT_SPIKE_CVHNL   27.34   28.27   30.93   29.93   29.83   30.06   30.80   64.81  100.00
