#
#
#  Percent Identity  Matrix - created by Clustal2.1 
#
#

     1: UNIPROT_SPIKE_SARS   100.00   77.62   33.39   32.66   32.49   31.71   32.01   26.75   25.64
     2: UNIPROT_SPIKE_SARS2   77.62  100.00   33.36   32.41   32.25   31.78   32.05   27.53   26.71
     3: UNIPROT_SPIKE_CVHOC   33.39   33.36  100.00   66.92   66.69   65.96   34.67   27.77   28.04
     4: UNIPROT_SPIKE_CVHN5   32.66   32.41   66.92  100.00   99.33   85.17   33.90   27.56   27.59
     5: UNIPROT_SPIKE_CVHN2   32.49   32.25   66.69   99.33  100.00   84.95   33.66   27.56   27.50
     6: UNIPROT_SPIKE_CVHN1   31.71   31.78   65.96   85.17   84.95  100.00   33.90   27.75   27.50
     7: UNIPROT_SPIKE_MERS1   32.01   32.05   34.67   33.90   33.66   33.90  100.00   26.94   25.91
     8: UNIPROT_SPIKE_CVH22   26.75   27.53   27.77   27.56   27.56   27.75   26.94  100.00   64.89
     9: UNIPROT_SPIKE_CVHNL   25.64   26.71   28.04   27.59   27.50   27.50   25.91   64.89  100.00
