protein_id,conserved_sequence,predicted_epitope,start_position,end_position
P59594,YFVGYLKPTTFMLKYDENGTITDAVDC,YDENGTIT,15,22
P59594,CVNFNFNGLTGTGVLTPSSK,LTGTGVLT,9,16
P59594,IAIPTNFSISITTEVMPVSMAKTSVDCNMYICGDSTECANLLLQYGSFCTQLNRALSGIAAEQD,TQLNRALSG,50,58
P59594,TKRSFIEDLLFNKVTLADAGFMKQ,SFIEDLL,4,10
P59594,GDINARDLICAQKFNGLTVLPPLLTDDMIAAYTAALVSGTATAGWTFGAG,LPPLLTDD,20,27
P59594,IPFAMQMAYRFNGIGVTQNVLYENQKQIANQFNKAISQIQESLTTTS,YENQKQI,22,28
P59594,IPFAMQMAYRFNGIGVTQNVLYENQKQIANQFNKAISQIQESLTTTS,SQIQESL,37,43
P59594,ALGKLQDVVNQNAQALNTLVKQLSSNFGAISSVLNDILSRLDKVEAEVQIDRLITGRLQSLQTYVTQQLIRAAEIRASANLAATKMSECVLGQSKRVDFCGKGYHLMSFPQAAPHGVVFLHVTYVPSQERNFTTAPAICHEG,KLQDVVNQNA,4,13
P59594,ALGKLQDVVNQNAQALNTLVKQLSSNFGAISSVLNDILSRLDKVEAEVQIDRLITGRLQSLQTYVTQQLIRAAEIRASANLAATKMSECVLGQSKRVDFCGKGYHLMSFPQAAPHGVVFLHVTYVPSQERNFTTAPAICHEG,TLVKQLSSN,18,26
P59594,ALGKLQDVVNQNAQALNTLVKQLSSNFGAISSVLNDILSRLDKVEAEVQIDRLITGRLQSLQTYVTQQLIRAAEIRASANLAATKMSECVLGQSKRVDFCGKGYHLMSFPQAAPHGVVFLHVTYVPSQERNFTTAPAICHEG,LSRLDKVE,38,45
P59594,ALGKLQDVVNQNAQALNTLVKQLSSNFGAISSVLNDILSRLDKVEAEVQIDRLITGRLQSLQTYVTQQLIRAAEIRASANLAATKMSECVLGQSKRVDFCGKGYHLMSFPQAAPHGVVFLHVTYVPSQERNFTTAPAICHEG,DRLITGRLQSLQTYVTQQ,51,68
P59594,ALGKLQDVVNQNAQALNTLVKQLSSNFGAISSVLNDILSRLDKVEAEVQIDRLITGRLQSLQTYVTQQLIRAAEIRASANLAATKMSECVLGQSKRVDFCGKGYHLMSFPQAAPHGVVFLHVTYVPSQERNFTTAPAICHEG,LGQSKRV,91,97
P59594,ALGKLQDVVNQNAQALNTLVKQLSSNFGAISSVLNDILSRLDKVEAEVQIDRLITGRLQSLQTYVTQQLIRAAEIRASANLAATKMSECVLGQSKRVDFCGKGYHLMSFPQAAPHGVVFLHVTYVPSQERNFTTAPAICHEG,VPSQERNFTTA,125,135
P59594,LNEVAKNLNESLIDLQELGKYEQYIKWPWYVWLGFIAGLIAIVMVTILLCCMTSC,VAKNLNESLIDLQELGKYEQYIK,4,26
P0DTC2,YYVGYLQPRTFLLKYNENGTITDAVDC,NENGTIT,16,22
P0DTC2,CVNFNFNGLTGTGVLTESNK,LTGTGVLT,9,16
P0DTC2,IAIPTNFTISVTTEILPVSMTKTSVDCTMYICGDSTECSNLLLQYGSFCTQLNRALTGIAVEQD,GDSTECSN,33,40
P0DTC2,IAIPTNFTISVTTEILPVSMTKTSVDCTMYICGDSTECSNLLLQYGSFCTQLNRALTGIAVEQD,TQLNRALT,50,57
P0DTC2,GDIAARDLICAQKFNGLTVLPPLLTDEMIAQYTSALLAGTITSGWTFGAG,LPPLLTD,20,26
P0DTC2,GDIAARDLICAQKFNGLTVLPPLLTDEMIAQYTSALLAGTITSGWTFGAG,GTITSGW,39,45
P0DTC2,IPFAMQMAYRFNGIGVTQNVLYENQKLIANQFNSAIGKIQDSLSSTA,GIGVTQN,13,19
P0DTC2,IPFAMQMAYRFNGIGVTQNVLYENQKLIANQFNSAIGKIQDSLSSTA,IGKIQDSL,36,43
P0DTC2,ALGKLQDVVNQNAQALNTLVKQLSSNFGAISSVLNDILSRLDKVEAEVQIDRLITGRLQSLQTYVTQQLIRAAEIRASANLAATKMSECVLGQSKRVDFCGKGYHLMSFPQSAPHGVVFLHVTYVPAQEKNFTTAPAICHDG,KLQDVVNQNA,4,13
P0DTC2,ALGKLQDVVNQNAQALNTLVKQLSSNFGAISSVLNDILSRLDKVEAEVQIDRLITGRLQSLQTYVTQQLIRAAEIRASANLAATKMSECVLGQSKRVDFCGKGYHLMSFPQSAPHGVVFLHVTYVPAQEKNFTTAPAICHDG,TLVKQLSSN,18,26
P0DTC2,ALGKLQDVVNQNAQALNTLVKQLSSNFGAISSVLNDILSRLDKVEAEVQIDRLITGRLQSLQTYVTQQLIRAAEIRASANLAATKMSECVLGQSKRVDFCGKGYHLMSFPQSAPHGVVFLHVTYVPAQEKNFTTAPAICHDG,LSRLDKVE,38,45
P0DTC2,ALGKLQDVVNQNAQALNTLVKQLSSNFGAISSVLNDILSRLDKVEAEVQIDRLITGRLQSLQTYVTQQLIRAAEIRASANLAATKMSECVLGQSKRVDFCGKGYHLMSFPQSAPHGVVFLHVTYVPAQEKNFTTAPAICHDG,DRLITGRLQSLQTYVTQQ,51,68
P0DTC2,ALGKLQDVVNQNAQALNTLVKQLSSNFGAISSVLNDILSRLDKVEAEVQIDRLITGRLQSLQTYVTQQLIRAAEIRASANLAATKMSECVLGQSKRVDFCGKGYHLMSFPQSAPHGVVFLHVTYVPAQEKNFTTAPAICHDG,LGQSKRV,91,97
P0DTC2,ALGKLQDVVNQNAQALNTLVKQLSSNFGAISSVLNDILSRLDKVEAEVQIDRLITGRLQSLQTYVTQQLIRAAEIRASANLAATKMSECVLGQSKRVDFCGKGYHLMSFPQSAPHGVVFLHVTYVPAQEKNFTTAPAICHDG,AQEKNFTTA,127,135
P0DTC2,LNEVAKNLNESLIDLQELGKYEQYIKWPWYIWLGFIAGLIAIVMVTIMLCCMTSC,VAKNLNESLIDLQELGKYEQYIK,4,26
P36334,DFMSEIKCKTQSIAPPTGVYELNGYTVQPIADV,IKCKTQSIAPPTG,6,18
P36334,IQIPSEFTIGNMVEFIQTSSPKVTIDCAAFVCGDYAACKSQLVEYGSFCDNINAILTEVNELLD,QTSSPKV,17,23
P36334,SSRSAIEDLLFDKVKLSDVGFVEA,DKVKLSD,12,18
P36334,GGAEIRDLICVQSYKGIKVLPPLLSENQISGYTLAATSASLFPPWTAAAG,SYKGIKVLPPLLSENQISG,13,31
P36334,VPFYLNVQYRINGLGVTMDVLSQNQKLIANAFNNALYAIQEGFDATN,LSQNQKL,21,27
P36334,ALVKIQAVVNANAEALNNLLQQLSNRFGAISASLQEILSRLDALEAEAQIDRLINGRLTALNAYVSQQLSDSTLVKFSAAQAMEKVNECVKSQSSRINFCGNGNHIISLVQNAPYGLYFIHFSYVPTKYVTARVSPGLCIAG,NLLQQLSNR,18,26
P36334,ALVKIQAVVNANAEALNNLLQQLSNRFGAISASLQEILSRLDALEAEAQIDRLINGRLTALNAYVSQQLSDSTLVKFSAAQAMEKVNECVKSQSSRINFCGNGNHIISLVQNAPYGLYFIHFSYVPTKYVTARVSPGLCIAG,AQIDRLINGRL,48,58
P36334,ALVKIQAVVNANAEALNNLLQQLSNRFGAISASLQEILSRLDALEAEAQIDRLINGRLTALNAYVSQQLSDSTLVKFSAAQAMEKVNECVKSQSSRINFCGNGNHIISLVQNAPYGLYFIHFSYVPTKYVTARVSPGLCIAG,SQQLSDSTLV,66,75
P36334,ALVKIQAVVNANAEALNNLLQQLSNRFGAISASLQEILSRLDALEAEAQIDRLINGRLTALNAYVSQQLSDSTLVKFSAAQAMEKVNECVKSQSSRINFCGNGNHIISLVQNAPYGLYFIHFSYVPTKYVTARVSPGLCIAG,EKVNECVKSQSSRI,84,97
P36334,LQEAIKVLNQSYINLKDIGTYEYYVKWPWYVWLLICLAGVAMLVLLFFICCCTGC,AIKVLNQSYINLKDIGTYE,4,22
Q0ZME7,YWVTPLSRRQYLLNFDEHGVITNAVDC,TPLSRRQ,4,10
Q0ZME7,SFLSEIQCKTQSFAPNTGVYDLSGFTVKPVATV,KTQSFAPNTG,9,18
Q0ZME7,IQIPTNFTIAGHEEFIQTSSPKVTIDCSAFVCSNYAACHDLLSEYGTFCDNINSILNEVNDLLD,IQTSSPKVT,16,24
Q0ZME7,GGSEIRDLLCVQSFNGIKVLPPILSETQISGYTTAATVAAMFPPWSAAAG,SFNGIKVLPPILSETQISGYTT,13,34
Q0ZME7,VPFSLNVQYRINGLGVTMDVLNKNQKLIANAFNKALLSIQNGFTATN,LNKNQKL,21,27
Q0ZME7,ALAKIQSVVNANAQALNSLLQQLFNKFGAISSSLQEILSRLDNLEAQVQIDRLINGRLTALNAYVSQQLSDITLIKAGASRAIEKVNECVKSQSPRINFCGNGNHILSLVQNAPYGLLFIHFSYKPTSFKTVLVSPGLCLSG,DRLINGRL,51,58
Q0ZME7,ALAKIQSVVNANAQALNSLLQQLFNKFGAISSSLQEILSRLDNLEAQVQIDRLINGRLTALNAYVSQQLSDITLIKAGASRAIEKVNECVKSQSPRINFCGNGNHILSLVQNAPYGLLFIHFSYKPTSFKTVLVSPGLCLSG,SQQLSDI,66,72
Q0ZME7,ALAKIQSVVNANAQALNSLLQQLFNKFGAISSSLQEILSRLDNLEAQVQIDRLINGRLTALNAYVSQQLSDITLIKAGASRAIEKVNECVKSQSPRINFCGNGNHILSLVQNAPYGLLFIHFSYKPTSFKTVLVSPGLCLSG,VKSQSPRI,90,97
Q0ZME7,ALAKIQSVVNANAQALNSLLQQLFNKFGAISSSLQEILSRLDNLEAQVQIDRLINGRLTALNAYVSQQLSDITLIKAGASRAIEKVNECVKSQSPRINFCGNGNHILSLVQNAPYGLLFIHFSYKPTSFKTVLVSPGLCLSG,KPTSFKT,125,131
Q0ZME7,IQESIKSLNSSFINLKEIGTYEMYVKWPWYIWLLIVILFIIFLMILFFICCCTGC,SIKSLNSSFINLKEIGTY,4,21
Q14EB0,YWVTPLSRRQYLLNFDEHGVITNAVDC,TPLSRRQ,4,10
Q14EB0,SFLSEIQCKTQSFAPNTGVYDLSGFTVKPVATV,KTQSFAPNTG,9,18
Q14EB0,IQIPTNFTIAGHEEFIQTSSPKVTIDCSAFVCSNYAACHDLLSEYGTFCDNINSILNEVNDLLD,IQTSSPKVT,16,24
Q14EB0,GGSEIRDLLCVQSFNGIKVLPPILSETQISGYTTAATVAAMFPPWSAAAG,SFNGIKVLPPILSETQISGYTT,13,34
Q14EB0,VPFSLNVQYRINGLGVTMDVLNKNQKLIANAFNKALLSIQNGFTATN,LNKNQKL,21,27
Q14EB0,ALAKIQSVVNANAQALNSLLQQLFNKFGAISSSLQEILSRLDNLEAQVQIDRLINGRLTALNAYVSQQLSDITLIKAGASRAIEKVNECVKSQSPRINFCGNGNHILSLVQNAPYGLLFIHFSYKPTSFKTVLVSPGLCLSG,DRLINGRL,51,58
Q14EB0,ALAKIQSVVNANAQALNSLLQQLFNKFGAISSSLQEILSRLDNLEAQVQIDRLINGRLTALNAYVSQQLSDITLIKAGASRAIEKVNECVKSQSPRINFCGNGNHILSLVQNAPYGLLFIHFSYKPTSFKTVLVSPGLCLSG,SQQLSDI,66,72
Q14EB0,ALAKIQSVVNANAQALNSLLQQLFNKFGAISSSLQEILSRLDNLEAQVQIDRLINGRLTALNAYVSQQLSDITLIKAGASRAIEKVNECVKSQSPRINFCGNGNHILSLVQNAPYGLLFIHFSYKPTSFKTVLVSPGLCLSG,VKSQSPRI,90,97
Q14EB0,ALAKIQSVVNANAQALNSLLQQLFNKFGAISSSLQEILSRLDNLEAQVQIDRLINGRLTALNAYVSQQLSDITLIKAGASRAIEKVNECVKSQSPRINFCGNGNHILSLVQNAPYGLLFIHFSYKPTSFKTVLVSPGLCLSG,KPTSFKT,125,131
Q14EB0,IQESIKSLNSSFINLKEIGTYEMYVKWPWYIWLLIVILFIIFLMILFFICCCTGC,SIKSLNSSFINLKEIGTY,4,21
Q5MQD0,SFFSEIQCKTKSLLPNTGVYDLSGFTVKPVATV,KTKSLLPNTG,9,18
Q5MQD0,IKIPTNFTIVGQEEFIQTNSPKVTIDCSLFVCSNYAACHDLLSEYGTFCDNINSILDEVNGLLD,QTNSPKV,17,23
Q5MQD0,SSRSFFEDLLFDKVKLSDVGFVEA,DKVKLSD,12,18
Q5MQD0,GGSEIRDLLCVQSFNGIKVLPPILSESQISGYTTAATVAAMFPPWSAAAG,FNGIKVLPPILSESQISGYTT,14,34
Q5MQD0,IPFSLNVQYRINGLGVTMDVLNKNQKLIATAFNNALLSIQNGFSATN,LNKNQKL,21,27
Q5MQD0,ALAKIQSVVNSNAQALNSLLQQLFNKFGAISSSLQEILSRLDALEAQVQIDRLINGRLTALNAYVSQQLSDISLVKFGAALAMEKVNECVKSQSPRINFCGNGNHILSLVQNAPYGLLFMHFSYKPISFKTVLVSPGLCISG,KIQSVVNSNA,4,13
Q5MQD0,ALAKIQSVVNSNAQALNSLLQQLFNKFGAISSSLQEILSRLDALEAQVQIDRLINGRLTALNAYVSQQLSDISLVKFGAALAMEKVNECVKSQSPRINFCGNGNHILSLVQNAPYGLLFMHFSYKPISFKTVLVSPGLCISG,IDRLINGRL,50,58
Q5MQD0,ALAKIQSVVNSNAQALNSLLQQLFNKFGAISSSLQEILSRLDALEAQVQIDRLINGRLTALNAYVSQQLSDISLVKFGAALAMEKVNECVKSQSPRINFCGNGNHILSLVQNAPYGLLFMHFSYKPISFKTVLVSPGLCISG,SQQLSDI,66,72
Q5MQD0,ALAKIQSVVNSNAQALNSLLQQLFNKFGAISSSLQEILSRLDALEAQVQIDRLINGRLTALNAYVSQQLSDISLVKFGAALAMEKVNECVKSQSPRINFCGNGNHILSLVQNAPYGLLFMHFSYKPISFKTVLVSPGLCISG,VKSQSPRI,90,97
Q5MQD0,ALAKIQSVVNSNAQALNSLLQQLFNKFGAISSSLQEILSRLDALEAQVQIDRLINGRLTALNAYVSQQLSDISLVKFGAALAMEKVNECVKSQSPRINFCGNGNHILSLVQNAPYGLLFMHFSYKPISFKTVLVSPGLCISG,KPISFKT,125,131
Q5MQD0,IQESIKSLNNSYINLKDIGTYEMYVKWPWYVWLLISFSFIIFLVLLFFICCCTGC,SIKSLNNSYINLKDIGTY,4,21
K9N5Q8,LSIPTNFSFGVTQEYIQTTIQKVTVDCKQYVCNGFQKCEQLLREYGQFCSKINQALHGANLRQD,QTTIQKV,17,23
K9N5Q8,LSIPTNFSFGVTQEYIQTTIQKVTVDCKQYVCNGFQKCEQLLREYGQFCSKINQALHGANLRQD,FQKCEQLLREYG,35,46
K9N5Q8,GPASARDLICAQYVAGYKVLPPLMDVNMEAAYTSSLLGSIAGVGWTAGLS,YTSSLLGS,32,39
K9N5Q8,IPFAQSIFYRLNGVGITQQVLSENQKLIANKFNQALGAMQTGFTTTN,GITQQVLSENQKL,15,27
K9N5Q8,AFHKVQDAVNNNAQALSKLASELSNTFGAISASIGDIIQRLDVLEQDAQIDRLINGRLTTLNAFVAQQLVRSESAALSAQLAKDKVNECVKAQSKRSGFCGQGTHIVSFVVNAPNGLYFMHVGYYPSNHIEVVSAYGLCDAA,KVQDAVNNNA,4,13
K9N5Q8,AFHKVQDAVNNNAQALSKLASELSNTFGAISASIGDIIQRLDVLEQDAQIDRLINGRLTTLNAFVAQQLVRSESAALSAQLAKDKVNECVKAQSKRSGFCGQGTHIVSFVVNAPNGLYFMHVGYYPSNHIEVVSAYGLCDAA,SKLASELSNT,17,26
K9N5Q8,AFHKVQDAVNNNAQALSKLASELSNTFGAISASIGDIIQRLDVLEQDAQIDRLINGRLTTLNAFVAQQLVRSESAALSAQLAKDKVNECVKAQSKRSGFCGQGTHIVSFVVNAPNGLYFMHVGYYPSNHIEVVSAYGLCDAA,LEQDAQIDRLINGRLTT,44,60
K9N5Q8,AFHKVQDAVNNNAQALSKLASELSNTFGAISASIGDIIQRLDVLEQDAQIDRLINGRLTTLNAFVAQQLVRSESAALSAQLAKDKVNECVKAQSKRSGFCGQGTHIVSFVVNAPNGLYFMHVGYYPSNHIEVVSAYGLCDAA,KAQSKRSGFCGQGT,91,104
K9N5Q8,LQQVVKALNESYIDLKELGNYTYYNKWPWYIWLGFIAGLVALALCVFFILCCTGC,VVKALNESYIDLKELGNYTYYNKW,4,27
P15423,FCTVALASYADVLVNVSQTSIANIIYC,NVSQTSI,15,21
P15423,SVINRLRCDQLSFDVPDGFYSTSPIQSVELPVS,YSTSPIQS,20,27
P15423,LSIPSNWTTSVQVEYLQITSTPIVVDCSTYVCNGNVRCVELLKQYTSACKTIEDALRNSARLES,PSNWTTS,4,10
P15423,LSIPSNWTTSVQVEYLQITSTPIVVDCSTYVCNGNVRCVELLKQYTSACKTIEDALRNSARLES,KTIEDALRNSA,50,60
P15423,AGRSAIEDILFSKLVTSGLGTVDA,LVTSGLG,14,20
P15423,KGLSIADLACAQYYNGIMVLPGVADAERMAMYTGSLIGGIALGGLTSAVS,PGVADAER,21,28
P15423,KGLSIADLACAQYYNGIMVLPGVADAERMAMYTGSLIGGIALGGLTSAVS,TGSLIGG,33,39
P15423,IPFSLAIQARLNYVALQTDVLQENQKILAASFNKAMTNIVDAFTGVN,LQTDVLQENQKI,16,27
P15423,ALNKIQDVVNQQGNSLNHLTSQLRQNFQAISSSIQAIYDRLDTIQADQQVDRLITGRLAALNVFVSHTLTKYTEVRASRQLAQQKVNECVKSQSKRYGFCGNGTHIFSIVNAAPEGLVFLHTVLLPTQYKDVEAWSGLCVDG,VNQQGNSL,9,16
P15423,ALNKIQDVVNQQGNSLNHLTSQLRQNFQAISSSIQAIYDRLDTIQADQQVDRLITGRLAALNVFVSHTLTKYTEVRASRQLAQQKVNECVKSQSKRYGFCGNGTHIFSIVNAAPEGLVFLHTVLLPTQYKDVEAWSGLCVDG,LTSQLRQN,19,26
P15423,ALNKIQDVVNQQGNSLNHLTSQLRQNFQAISSSIQAIYDRLDTIQADQQVDRLITGRLAALNVFVSHTLTKYTEVRASRQLAQQKVNECVKSQSKRYGFCGNGTHIFSIVNAAPEGLVFLHTVLLPTQYKDVEAWSGLCVDG,RLDTIQADQQVDR,40,52
P15423,ALNKIQDVVNQQGNSLNHLTSQLRQNFQAISSSIQAIYDRLDTIQADQQVDRLITGRLAALNVFVSHTLTKYTEVRASRQLAQQKVNECVKSQSKRYGFCGNGTHIFSIVNAAPEGLVFLHTVLLPTQYKDVEAWSGLCVDG,ASRQLAQQKVN,77,87
P15423,ALNKIQDVVNQQGNSLNHLTSQLRQNFQAISSSIQAIYDRLDTIQADQQVDRLITGRLAALNVFVSHTLTKYTEVRASRQLAQQKVNECVKSQSKRYGFCGNGTHIFSIVNAAPEGLVFLHTVLLPTQYKDVEAWSGLCVDG,VKSQSKR,90,96
P15423,LQTLIDNINSTLVDLKWLNRVETYIKWPWWVWLCISVVLIFVVSMLLLCCCSTGC,LIDNINSTLVDLKWLNRVETYIK,4,26
Q6Q1S2,FWTVAFATFVDVLVNVSATNIQNLLYC,VSATNIQN,16,23
Q6Q1S2,CTKYNIYDYVGTGIIRSSNQ,VGTGIIR,10,16
Q6Q1S2,LSIPSNWTTSVQVEYLQITSTPIVVDCATYVCNGNPRCKNLLKQYTSACKTIEDALRLSAHLET,PSNWTTS,4,10
Q6Q1S2,LSIPSNWTTSVQVEYLQITSTPIVVDCATYVCNGNPRCKNLLKQYTSACKTIEDALRLSAHLET,NGNPRCKNLLKQYTS,33,47
Q6Q1S2,KGLSIADLACAQYYNGIMVLPGVADAERMAMYTGSLIGGMVLGGLTSAAA,PGVADAER,21,28
Q6Q1S2,KGLSIADLACAQYYNGIMVLPGVADAERMAMYTGSLIGGMVLGGLTSAAA,TGSLIGG,33,39
Q6Q1S2,IPFSLALQARLNYVALQTDVLQENQKILAASFNKAINNIVASFSSVN,LQTDVLQENQKI,16,27
Q6Q1S2,ALNKIQDVVNQQGSALNHLTSQLRHNFQAISNSIQAIYDRLDSIQADQQVDRLITGRLAALNAFVSQVLNKYTEVRGSRRLAQQKINECVKSQSNRYGFCGNGTHIFSIVNSAPDGLLFLHTVLLPTDYKNVKAWSGICVDG,VNQQGSA,9,15
Q6Q1S2,ALNKIQDVVNQQGSALNHLTSQLRHNFQAISNSIQAIYDRLDSIQADQQVDRLITGRLAALNAFVSQVLNKYTEVRGSRRLAQQKINECVKSQSNRYGFCGNGTHIFSIVNSAPDGLLFLHTVLLPTDYKNVKAWSGICVDG,RLDSIQADQQVDR,40,52
Q6Q1S2,ALNKIQDVVNQQGSALNHLTSQLRHNFQAISNSIQAIYDRLDSIQADQQVDRLITGRLAALNAFVSQVLNKYTEVRGSRRLAQQKINECVKSQSNRYGFCGNGTHIFSIVNSAPDGLLFLHTVLLPTDYKNVKAWSGICVDG,KYTEVRGSRRLAQQKIN,71,87
Q6Q1S2,ALNKIQDVVNQQGSALNHLTSQLRHNFQAISNSIQAIYDRLDSIQADQQVDRLITGRLAALNAFVSQVLNKYTEVRGSRRLAQQKINECVKSQSNRYGFCGNGTHIFSIVNSAPDGLLFLHTVLLPTDYKNVKAWSGICVDG,VKSQSNR,90,96
Q6Q1S2,LQGLIDQINSTYVDLKLLNRFENYIKWPWWVWLIISVVFVVLLSLLVFCCLSTGC,LIDQINSTYVDLKLLNRFENYIK,4,26
