#
#
#  Percent Identity  Matrix - created by Clustal2.1 
#
#

     1: UNIPROT_SPIKE_CVH22  100.00   64.18   26.17   25.45   25.48   26.24   27.20   27.08   27.17
     2: UNIPROT_SPIKE_CVHNL   64.18  100.00   24.27   25.02   24.04   27.53   27.92   27.64   27.56
     3: UNIPROT_SPIKE_SARS    26.17   24.27  100.00   77.24   30.03   31.64   30.65   31.73   31.57
     4: UNIPROT_SPIKE_SARS2   25.45   25.02   77.24  100.00   30.47   31.75   31.16   31.87   31.71
     5: UNIPROT_SPIKE_MERS1   25.48   24.04   30.03   30.47  100.00   34.84   33.84   34.19   34.03
     6: UNIPROT_SPIKE_CVHOC   26.24   27.53   31.64   31.75   34.84  100.00   65.98   66.72   66.64
     7: UNIPROT_SPIKE_CVHN1   27.20   27.92   30.65   31.16   33.84   65.98  100.00   85.17   84.95
     8: UNIPROT_SPIKE_CVHN5   27.08   27.64   31.73   31.87   34.19   66.72   85.17  100.00   99.33
     9: UNIPROT_SPIKE_CVHN2   27.17   27.56   31.57   31.71   34.03   66.64   84.95   99.33  100.00
